538971
871622
105883
959138
635640
580645
50758
257839
604100
672863
90429
866164
562846
136183
580381
996987
77134
330881
409245
415631
862416
29881
988607
811580
274218
81819
989601
802096
560006
895833
459912
904316
56600
959023
647409
810084
674426
346580
693798
308862
433834
37696
297844
476126
719273
851982
404622
651286
804026
154043
237124
644819
683285
714436
111292
475469
155172
825562
701099
86486
892801
798549
637440
374605
714631
553023
696039
917926
650427
825364
955918
842601
792224
971667
533706
333861
923090
865207
427823
29777
350253
304571
687351
904125
981785
358726
82104
668380
109596
796211
341858
350644
177559
404542
394974
90665
528701
782054
536810
372569
363906
156
56631
365624
229907
134683
276772
662459
436594
508135
402330
233842
773540
757399
412373
908610
719704
103462
888360
78053
904671
543990
941680
25230
767066
521019
916126
589695
560544
205081
636136
413612
122118
285693
751712
732461
843542
457439
775182
425624
866571
8081
908288
243886
895999
8829
569776
179728
225259
901258
321908
718876
502990
613586
54562
117240
139171
735277
502208
717399
193971
135122
582262
88267
811041
781148
370167
120189
683588
181522
834858
273938
79829
108902
16434
303374
541812
759931
516897
405168
418442
347710
672153
162806
786415
417587
114875
393092
217472
927777
131227
979515
922019
302015
253218
955112
944370
859251
285025
196849
889947
739056
123538
200564
368662
909158
196938
174848
298392
21977
816749
11614
289833
35679
701492
306998
237072
106506
779159
999912
937270
403357
359405
811868
218392
570577
93226
996538
461880
43375
103826
962325
920042
783308
74866
892378
610705
10383
405818
982955
142674
436422
993693
47414
803595
902231
23478
336468
63995
791477
535079
483711
431080
827582
262182
338403
142018
103227
23703
680811
989077
466438
757898
627931
70406
907257
410013
127276
575476
765056
625007
679788
382158
723669
554328
58283
345926
868201
366443
976998
631168
352049
308261
493928
756592
307666
894291
506357
284534
484269
923293
421197
29025
545091
981657
842370
238595
796770
844349
668505
417417
460418
630542
471503
755145
450933
23584
995617
696940
539493
125993
11294
636622
244403
99103
569837
329995
624524
634039
350723
900282
594839
951921
445069
168929
681755
181613
816501
605237
766916
391288
6063
248418
667055
34313
841941
858834
960364
170916
647361
498830
478450
568469
964495
255193
486165
360561
652211
954760
21446
127576
977876
785935
45601
816786
376543
224445
883992
632805
910520
12004
387873
59711
622585
922962
663601
200038
165453
593125
824638
837066
997566
751136
317320
170942
363551
180008
469291
51313
988654
791971
555496
98573
124192
152329
680204
661751
52889
252350
754750
165972
739780
724714
275533
18347
562620
606927
209528
482816
516205
292796
496355
94635
888384
751392
373893
534006
229427
753709
721118
17055
329103
182674
295038
382793
894315
630869
869177
255183
179510
376864
624229
58529
657141
509527
9358
596406
219087
313487
146942
159405
141717
245696
65353
563668
541558
154376
39598
835347
260118
851444
159236
873134
5289
23336
118516
558837
79127
925091
768207
703620
871741
290322
131573
421589
423007
738567
993556
405076
10790
153489
109581
716864
180527
958297
556197
158560
231141
160858
10249
238203
750217
717886
884963
110768
379906
974761
816184
939517
205277
292606
318562
266436
980773
792173
171595
419204
358720
870517
403057
916060
933390
6706
547764
720583
683671
787298
751224
8212
93505
518504
407594
345300
90030
848834
322405
849908
388484
482302
53347
667573
966292
21186
41186
136816
246889
411234
907672
154686
47554
303549
591644
839756
7287
162400
647865
683838
550425
961635
89928
160762
995121
953839
558464
772150
961953
987580
712537
534709
674301
681024
989700
236679
451001
991433
596273
691838
413108
862
386922
481157
536005
371266
51495
227343
283084
254827
46262
581482
639117
268415
255508
517045
592452
627037
661177
240093
869170
424537
456941
220596
557638
325603
380227
817044
582539
406082
686385
976021
130901
995680
400237
271147
19163
137716
684167
235555
738419
685812
208097
239210
892809
44575
371454
936941
861313
437236
361923
453103
827846
585340
254142
780103
426185
15519
218642
820215
568755
21183
49138
607280
997070
129016
60284
801110
108117
345809
443555
727207
145906
354274
904562
136387
342920
320179
466805
339888
433139
954911
667311
595667
806514
73921
3307
87126
700372
889749
464773
920278
200208
749910
906209
397250
574536
706298
978799
75415
739131
497014
275834
175120
304598
298002
842321
788389
996879
350401
719949
758480
628005
516874
912089
229931
473655
938520
72736
290384
541420
742788
666344
941757
742866
810834
103561
875987
341418
991706
157015
376950
746502
331885
776285
31026
480234
965055
996053
317614
599214
384042
936249
208609
999827
337854
272804
321671
544095
566561
377907
138290
228563
723737
216333
631309
719489
938082
702383
783210
35306
241966
464546
433463
813691
821883
139068
430979
678830
190462
749319
419356
665911
689352
258258
953431
14939
496045
832519
881367
901818
300852
29904
632719
97055
227315
525783
389750
57116
519395
985304
110558
120951
131748
277845
405903
280128
85925
203074
755358
907852
605943
343018
29031
793926
918752
374323
165955
629768
793931
871774
261687
430503
706316
170751
846329
651632
957268
990348
885599
447345
959136
283038
68695
539387
944518
795322
266663
319603
66347
17883
110489
669134
792390
49842
356920
734998
553776
678678
502332
295588
406627
490103
84993
309112
849766
5083
310293
245617
275277
8657
30276
464878
346411
613429
331769
827764
448336
937077
886139
866811
233876
941250
384560
929350
602487
72505
74936
932600
689917
160863
357798
898570
471632
162141
15497
878224
241467
284343
169271
997145
296276
739246
680401
403694
265235
838002
741752
575430
587203
138085
983249
543486
346116
743689
356033
589390
97833
176562
118167
421912
322591
894424
695518
799681
74125
745084
43182
809220
985957
89930
38609
176920
468693
441838
273917
633513
342757
656395
502646
851839
937600
416982
919880
398347
900808
676847
343553
533726
599939
493212
881887
702982
633556
394838
530328
53177
80376
332282
5206
478654
412905
370427
489941
790432
697889
286888
590429
529247
612881
600846
912440
786039
758284
406245
691318
474701
312141
388279
714813
520908
224473
782295
716039
748702
435660
752111
763156
183011
193418
87065
634088
301564
623192
424572
355857
622166
439556
845863
29999
307283
928641
260887
312688
834140
112744
805955
505205
867965
239079
798781
744536
514589
930948
779983
82680
147996
230950
583130
523717
772977
987829
156267
712184
143873
987053
207313
652999
907744
610389
381538
345112
483047
524610
135513
220618
121218
557544
846696
696849
826697
503668
42979
306353
657320
381372
389389
573643
547327
462215
595958
243994
212617
178515
401627
352667
713617
885176
651539
489468
987003
291412
79564
91916
92362
429470
140218
909590
669606
867845
318744
664369
266064
253820
209928
747422
448376
428823
177595
715894
625503
683245
602708
405594
758358
528299
520583
73391
495109
890329
12532
895230
823029
996158
531121
566462
360273
27454
715543
653363
264268
369590
654971
161285
268663
540029
462175
593948
652389
520397
977146
125943
985928
198520
592507
48951
974576
922414
815547
425138
8590
190823
850785
439628
448478
707958
593157
441111
721438
381425
811110
559811
462438
443846
859061
440822
644230
729736
119420
611071
645414
466711
800290
543789
758340
90914
108089
83036
895968
848287
19150
41651
506230
460891
154043
281379
157700
984993
64276
538323
269628
779441
242897
337919
16224
835783
624724
970777
850937
748693
283319
145626
49091
984339
291117
998632
612570
469211
359004
492600
872394
101259
276956
842465
932790
201664
743876
690401
504465
600055
985495
21149
650046
484750
473838
868055
723979
554457
482146
143988
82047
597349
378190
87050
356134
78093
857930
418612
662774
397453
540486
644824
708784
202939
573683
71025
865348
452862
218990
70124
791302
757350
239214
1468
557771
244978
111602
920423
161835
433932
652768
151213
558021
92915
32065
371087
128001
820763
301558
353826
858349
227359
501800
228954
659357
319669
113403
309214
649840
887702
313148
62693
14574
798549
334672
489341
909338
795580
447803
611421
535958
479877
771959
677762
666034
834996
19729
724992
556718
956482
973415
711029
208669
958826
566359
171438
846020
466814
763523
797292
907562
777426
845988
686700
426341
959206
701934
912957
472859
30341
933546
170684
958805
68987
726948
949791
49244
594977
328555
973865
873101
682157
954437
102874
502279
45774
807208
678781
139845
863153
48601
870951
435353
854513
853605
42928
381111
44017
236865
165506
896015
748342
146017
537923
113615
937033
954706
274135
481715
229038
59867
346208
666209
11974
387232
325099
210457
239183
915532
259973
35397
834812
957399
457580
917018
781391
357883
460269
925494
355217
256293
758840
836315
736764
575175
559966
246725
88419
657711
748962
98108
624574
724468
616856
67905
61240
842077
30621
414585
760887
461934
41174
982892
116277
56691
102047
794532
946041
203941
577406
606427
442139
700135
868749
328455
786891
913655
16172
531365
101116
858577
906502
127234
712020
68728
291573
949683
373108
826748
370687
721623
977439
773997
824634
30971
684821
495271
535462
762473
442014
739598
119980
857054
654533
342614
690479
470445
901524
57504
86962
613112
689095
341892
599594
291003
179104
227814
828601
689367
750386
320522
106539
470131
961936
383080
629952
172058
95148
60197
476382
486723
707003
410761
850977
808612
90694
593673
358482
735214
639472
122864
997350
171786
604122
19110
472754
296717
908887
612904
602404
989194
786043
890573
785458
769006
146929
885659
169233
463848
711842
841683
321841
465888
407519
575666
874134
118848
180680
94036
718541
766283
768225
845937
429731
567475
449317
481479
74749
156843
246465
56814
210579
258459
922103
102340
554266
426497
880098
499201
15884
151116
80808
251857
115695
523752
711288
967069
757597
793830
398893
636136
830056
148457
67989
627406
397772
267003
344081
977889
773731
651123
50805
131499
613181
855125
30147
689421
774634
869100
878554
59342
40455
152185
688168
979052
322832
800849
981181
538087
108924
412541
439961
998714
222947
111363
360818
793622
869076
728972
388845
484067
477623
381253
985208
907107
863635
478679
688231
114960
279360
329030
525877
333672
591347
704706
160043
677006
804482
429492
410743
397418
437862
113970
489200
704635
293879
222033
280471
481251
258117
678850
518434
399530
405139
30735
502527
639772
968105
366833
841170
648289
843494
199931
931558
286687
904066
525968
776802
756759
307265
447603
86670
7171
280253
943416
632259
53840
142673
980801
9199
898712
356105
693374
733481
320015
485291
437915
533531
951406
748694
735799
74923
697175
682254
188683
125272
559001
876850
317697
142118
406338
688948
937737
88658
975040
474825
966502
587839
432375
538824
905195
393802
189193
116697
565146
296457
817239
196136
378471
454255
661452
548811
154688
971726
857235
845890
70262
568981
744536
592771
516549
385579
230141
909320
873732
82419
785320
130406
275016
458507
841138
394753
708874
81030
555084
443609
928147
474934
803902
800312
990284
531878
296455
397243
549805
952463
720316
555738
726271
952991
883528
868602
981549
960511
318875
777159
669905
303355
93005
146884
642673
803049
823401
390000
440494
170036
876118
965874
450231
787527
930040
616610
143729
535922
895441
865696
483706
35100
35722
923095
285950
104564
453692
961676
895450
150842
860607
897917
594866
693639
546558
5008
612240
585613
413354
349552
516733
839248
705780
467535
735821
722675
289085
277950
660601
607763
334182
530305
55693
343966
115178
341601
925166
475458
658199
786542
703554
530719
474776
368334
748792
430440
704902
683165
737590
644702
251552
578563
372356
432332
363844
816621
556744
911516
284969
328009
383704
508571
249513
844902
298652
716209
810141
712461
315127
3757
862611
763627
969924
952792
971709
978394
107542
576258
605143
230696
548381
272652
379072
50958
299866
776606
903382
789403
95720
694220
526584
886480
135194
866245
720708
500639
927622
932992
307472
493711
436390
501904
377079
432579
16952
958577
243749
513146
738613
220762
15161
48380
542464
374760
640487
898521
599080
700478
939066
783573
297488
569198
244081
898956
569987
551811
350352
784849
603179
604914
684725
863401
63745
387451
147027
388311
312947
245768
437653
138798
336844
887430
887240
246329
748314
793137
690820
899883
97235
227685
946676
653621
405540
970026
272807
99009
752989
91758
662288
765754
56913
6826
270779
910484
483394
898686
266083
786686
324935
345035
684556
613125
863383
869451
179975
545327
189269
267890
301007
720045
86829
354551
514015
523456
903914
434213
760846
564738
664603
956211
557958
567638
388711
324811
863505
758785
178228
672196
455719
398150
709980
674678
319056
644751
304594
125760
307545
537610
28766
188031
600402
895292
755773
3120
120840
236112
525133
309484
172310
692645
600382
573774
567550
315178
660244
683364
731475
539127
746266
221343
970489
186939
77964
586144
197242
279111
530551
819647
677290
911348
820800
632694
474659
896147
167381
595511
332709
749567
110584
636581
531108
782802
8787
263702
749993
956716
214564
37924
161538
87085
287443
271518
423034
832012
681237
440406
999866
205057
985518
364871
42923
12760
892849
295722
812598
79256
181989
203901
51683
130108
468472
687082
660642
609795
968932
546686
628318
837219
844484
967003
240426
449378
256290
171722
942903
799668
801234
110009
389202
783642
103293
528080
827764
298335
860604
290753
997550
690412
623494
386094
282250
205383
164362
596086
961098
181787
249213
628035
247232
24676
70491
579077
231614
443708
183044
281503
755384
296774
510098
988206
390001
416695
657602
324126
59599
780266
597949
194860
205540
967185
789294
35086
291879
621286
365957
620126
473437
779861
247198
223910
944971
699554
485960
794918
146478
431805
906877
606635
342596
724189
422969
207729
680322
972520
128513
875766
392367
40382
749048
779359
236912
890420
768742
651815
962968
929016
532248
63821
481179
327022
779732
734315
812826
287881
518949
604470
553754
178868
658460
395802
234877
802257
758623
778302
120276
228530
329827
667440
844938
558728
346284
921732
359668
988888
544715
137377
155892
537140
297607
476838
213120
899904
22620
515522
732788
833315
558639
504407
443943
490184
879163
897160
624884
708853
993204
262641
970801
929564
474744
833389
56079
210793
761905
738249
236877
740778
304183
338047
847671
739383
82293
128909
294560
295493
529974
338420
331967
600101
201616
494585
260423
937727
410555
191688
258633
450552
44399
919115
113253
967270
335962
223406
936143
210467
949872
66727
532045
364682
374997
380630
207399
626691
770143
558264
950556
779264
337714
286427
741671
107650
576962
671485
831974
390387
528758
916022
285574
954567
893554
145927
114073
214800
349752
734297
929707
598842
500163
819036
206359
667175
611887
341693
573414
439926
165590
613166
919166
180711
904322
35380
615745
929941
534388
457741
213717
584702
822684
12220
940376
157719
23790
589827
809707
31521
937795
675303
128365
959071
381854
893328
239061
57720
374825
562300
926728
562511
476436
444408
250493
53003
853563
458653
650077
686894
566057
389416
958897
902082
90987
734741
352679
3715
535701
491365
625371
36365
746052
764621
662462
947160
165867
254014
556982
57436
34299
566600
738686
156915
320773
195941
356137
345676
31357
272913
642531
390952
796949
596308
922163
446831
114292
757246
639366
288670
131236
495579
80180
545710
412210
954315
486551
629460
367053
521729
643963
569468
562327
657768
356177
538261
243417
345976
480341
370268
558908
223107
930605
417979
744457
469746
745534
390993
308782
405143
249461
516947
276195
899905
608627
538336
295091
56476
593404
274787
119950
207322
401608
599652
907418
832636
342266
64579
430440
50088
813965
54293
543191
38273
364174
945580
997883
291881
264566
115547
772686
575947
94898
431260
612132
649416
48035
718619
314733
812500
940645
902884
47559
842548
2931
390271
186522
114968
454770
543963
548884
546546
41862
666920
285301
745384
121150
573034
265358
725912
846890
179324
431214
698848
425352
90178
401635
972950
503103
894055
976255
989366
564471
832094
877136
94994
985883
364580
450247
252365
581069
858823
913833
134784
398372
956028
502791
857558
88050
520141
886314
955835
770999
309973
908587
467686
697043
270923
43071
139703
889208
441222
890882
277407
176661
524775
639586
935984
583099
6906
461158
673542
743845
180215
869076
82535
992717
166664
384294
576019
989014
845753
48751
544586
453712
209612
146657
47432
412177
535441
438146
206485
317676
786563
799635
825858
972539
741667
847723
859537
72713
461830
278599
107244
572181
347430
72960
968847
997725
866245
471208
71322
761303
952487
448895
744663
763418
571444
798278
4643
640908
156240
837755
742040
153919
754763
514256
879256
152994
826568
981407
849360
586720
897670
967444
797618
726044
825009
277419
626764
885301
742885
332392
897659
39810
109085
903119
739931
415807
654931
207243
907743
852335
453259
176523
24966
393580
529212
415765
334528
182766
930777
226187
81500
959417
542823
826166
192865
16317
880918
979062
975290
526482
837854
847075
544551
908155
834390
575721
245420
77407
118331
937331
226519
421585
253189
124266
439193
131236
269778
804820
486188
166730
861789
740845
848933
758211
590864
446772
470713
552759
682493
438600
948358
232039
901978
738560
215647
932321
318171
517189
923296
167482
184655
769861
784368
992760
598836
689626
852555
718616
469994
353313
215438
307093
427642
361172
558214
355099
22256
780386
112127
870828
463654
5883
852986
175283
767260
226235
417244
833425
383399
365360
399375
105798
660347
880621
585080
131119
395502
39556
400353
34961
150951
159890
995404
847157
656173
940554
234757
819472
983303
807754
722082
18018
202480
548418
718744
338700
605800
646082
88513
725128
52610
612344
622322
512386
24030
919719
635535
506489
212271
474033
87331
552110
343558
582220
539494
853009
600611
308
957887
336162
612017
600683
453615
487961
564749
909264
220974
987624
847294
66166
326506
436800
585877
197609
996912
673463
520834
775545
361949
707309
407703
817419
879464
8224
774094
589168
823825
725149
473184
8425
765999
345432
342379
643416
83137
793323
878798
127719
714398
621088
945139
260407
93127
781844
192745
618706
983409
405791
961615
983667
733144
710243
459449
739000
331293
594187
833084
654365
970106
692073
305389
535773
550724
589991
413081
826575
246727
748988
494358
906333
960749
669618
358217
859223
603500
894796
979805
673753
356605
72946
210512
229821
854917
321966
607902
863015
243806
283533
439064
349216
238533
127960
891905
691742
557905
893457
627847
151908
708123
455927
393562
739162
831955
729917
95822
868230
808175
685144
440340
108762
53702
804439
165368
886632
450942
477505
988669
319614
86857
968136
476233
629966
317597
728209
398378
685954
781897
712775
318847
312059
850021
540884
382264
446751
190577
421001
256821
445473
518102
824542
763651
943169
933343
853349
932241
619284
759923
597453
376891
133187
447313
197228
828718
396103
249142
868009
250284
902918
898539
876228
693818
606645
336669
833118
143896
940168
111190
634962
639912
749462
455288
882465
105509
450623
262550
409911
920320
240893
979051
571323
574789
735267
145856
371438
812195
48166
577599
858000
444594
72732
94879
488513
240979
690222
647118
100325
742056
451949
549361
255853
807117
772845
866937
144303
293641
824215
143290
803593
564372
775647
885188
39050
542429
914717
825668
11810
266837
607268
682075
831250
423464
775911
22492
995276
16762
795083
24199
230193
294722
409458
69403
476076
232176
341535
162046
269174
835087
420641
195988
749194
218154
390599
608320
561853
420219
906724
803629
785721
734598
175868
595486
72127
576783
446871
710011
496834
327452
222430
601919
462630
845508
223791
979079
137744
364624
812034
83408
875970
782343
970552
603545
622125
803890
50676
352685
276067
159572
487716
418436
374730
190844
901759
280044
818124
61139
935758
738954
540798
387578
740751
388808
388881
388083
171400
898779
4486
353205
387574
16351
781243
237527
841680
660115
649144
998561
287026
696799
849492
469487
347378
222982
778232
867459
605889
202703
933215
649594
830712
127719
731331
427526
132487
586912
55825
370484
34075
804373
838568
258091
195927
970873
238528
24647
522202
368800
72792
771797
447776
374798
176432
59244
344306
242530
811821
387268
951122
465031
187020
48118
677211
199685
997711
846268
312108
726315
166247
791678
64493
345855
374820
631064
686833
296983
806021
195245
603573
981825
721700
43696
968790
194189
754837
282433
817941
105895
74843
983502
476792
840270
893681
402741
632226
677775
803738
926566
605163
636787
687850
904257
706644
774134
524572
343673
701469
491934
776978
163968
776047
721650
944080
705543
296531
931429
868085
494034
360138
990330
536618
541765
742472
351506
497652
704086
970371
796784
156128
888987
231091
342713
114375
932895
627568
255954
457671
345333
850284
874979
119093
242622
77436
724458
677988
287828
836512
975939
703146
846016
348738
935624
840774
366694
18892
474316
715267
442573
775208
924737
922193
137524
570715
192003
224468
76613
212833
101147
961125
198239
987412
248648
141186
427191
356140
78420
417195
726103
429778
112072
77242
814590
227163
673340
976433
991965
902340
727048
989179
978786
203653
720325
430194
533204
782333
598736
152559
377517
884186
374134
257133
783631
310345
772598
131472
867893
760730
687151
440316
688308
536049
447452
307122
178164
90290
31364
579150
352249
285771
596851
408757
502277
437164
633912
276250
105559
882421
494073
251311
104616
362773
25947
391032
985880
160756
160556
982088
561912
338960
455612
930672
405674
975181
325249
601957
915332
264328
688493
141495
500208
189531
897959
820254
287424
753176
516537
346572
340737
430971
939109
117088
364924
662447
628612
558000
717581
959268
858815
385003
89324
740361
769070
645552
703824
653059
670938
848131
374792
383991
90132
238690
161467
675144
609881
459902
573332
221895
435323
183314
711435
735231
631019
182555
212360
147130
899018
104924
258966
449319
95876
806057
268736
400444
291300
66372
775239
690398
958041
47261
134303
251111
742918
953312
937048
183211
680796
966959
968942
930022
757053
275655
754839
612762
608170
484829
418810
804498
330240
567703
482531
119237
510322
142106
996417
879668
477823
563200
673760
817674
685472
642158
937270
378432
630409
370771
214523
365741
604637
107772
404952
514491
208980
268549
323826
585684
497946
131891
109868
86582
129675
963893
909767
648440
175763
864289
798190
346563
252502
535015
649711
262278
68098
50928
754554
181241
806536
10000
661545
305807
786602
423279
391432
735872
650384
826940
610214
545688
725175
176737
192200
544631
919942
269389
114365
921974
340116
466272
524284
52651
223648
632078
911437
490280
931474
15574
68684
498267
399743
594859
154444
53848
999528
541272
719700
472150
934869
998386
850188
393386
855554
509569
300608
815149
892018
186362
77879
333708
454424
925975
509631
452553
10340
64864
126898
545668
740983
265241
258612
904558
427290
654365
675449
731291
540490
963451
432150
882286
97621
525160
622203
598462
695147
149210
722453
944149
645617
412950
257978
398535
882025
470710
305587
113955
773446
843713
667298
403787
60748
48634
816748
194113
38722
407191
347468
35530
254097
133501
383026
392581
916194
751231
321030
193933
984177
801884
924268
649454
777780
332216
158272
154004
389885
865520
415878
161019
43319
409721
707622
951817
466265
618792
904988
704938
750614
250883
300370
19336
423872
111638
151044
265184
68565
11640
323961
85391
465684
534892
875563
253663
294127
319200
463673
516108
343387
764854
656764
594197
386011
731426
629125
610335
265198
48337
310766
142719
310927
178365
524592
830697
733138
137867
316488
856729
601276
246749
627194
929337
446414
470969
172430
232608
141367
444529
711516
715375
466017
735371
833045
420103
276207
138654
571677
815353
823752
765244
456910
69853
126835
549280
120471
473264
893403
72746
871589
695741
138247
169752
659764
393171
639722
588862
495328
414359
493022
91272
628332
596665
517350
125303
370537
529677
855927
450730
815519
327471
808975
332279
766282
677895
748559
568698
815953
644223
559664
201101
844042
925195
183237
328122
579626
497361
646362
372340
42984
875363
805229
356854
91544
1367
978035
676966
175510
143969
647373
496380
146282
152954
478112
430470
944573
567517
888402
909429
294185
229460
15600
419790
279263
446566
57283
221738
333012
690218
847418
973748
871523
94670
499869
909166
731964
541810
482503
199383
931692
232320
331340
619298
198542
886716
249651
206506
740934
709455
78312
304050
138202
786925
426150
441739
210663
610890
343582
898222
910519
379365
405502
921242
885979
922081
271919
997842
406713
756065
395662
179068
328936
187977
959686
35528
137864
962299
270829
528436
663218
625909
46373
495098
212520
577710
532670
332688
538143
684258
486017
175763
992811
677328
401855
406582
690009
641797
463032
961787
949380
968587
507809
892589
227773
154863
81468
157930
857283
39581
82729
930815
683537
813583
530168
218817
449229
966879
466162
168209
668786
404980
21826
915677
893116
336412
825054
339904
601600
767496
524283
290720
855277
440402
426557
93675
960464
338003
543287
298228
33679
103705
437770
600681
747183
873647
477312
818424
655009
845169
944385
761187
901204
430631
801214
505289
905964
475049
307352
834644
104710
601017
61706
180780
108342
576271
591966
534119
741667
939006
472253
266980
694560
867903
358165
40022
216731
497627
940594
721558
106099
355241
885146
685882
938787
947895
405957
420599
17884
559176
114376
542212
397652
255276
700585
225408
923030
177372
215154
194249
694498
787830
947211
550257
286395
143679
679208
562927
479646
574272
750894
285427
882424
808454
442182
486507
449248
260893
815336
340554
574710
804682
993194
394887
22361
379919
803092
131767
755620
595166
662818
657672
285342
236753
247201
32086
912830
828993
388737
116600
371948
664426
455759
308605
623698
352650
170208
851283
859004
121080
429163
119015
712477
759106
754127
434747
991298
761592
229929
714703
338303
660274
284466
121351
798555
230278
358590
757878
898463
985761
966444
480454
885695
102381
301513
825658
89966
366730
65169
780447
304317
589205
825599
408338
367235
302102
715557
410196
241398
748771
217307
495008
823777
525064
825174
137563
145102
452612
568982
240236
726362
568275
663607
148932
615271
534441
17827
399255
44768
494983
921017
933150
102521
265499
4946
906637
12434
770666
755911
647191
502632
115509
274075
478475
36250
116414
328799
601972
135175
15448
375612
686352
914181
677262
323966
491692
468182
454557
443975
603931
954836
640229
106127
353175
581381
184225
790607
7857
156535
837781
337810
869391
626200
718943
544546
462795
271494
771221
779735
288760
685199
584000
439732
446082
845820
602109
956894
799308
587691
669296
549154
235484
227068
7959
29562
138780
734823
553225
800350
334042
31926
13817
834753
532754
258271
703950
811648
542158
695488
936069
409788
994263
440477
252031
393586
552622
794860
615276
771943
923162
760073
678704
572878
950310
398717
762451
451046
859540
207103
440958
853619
513811
233264
520581
203783
535157
414982
186597
203539
1403
950302
383181
422358
860354
528893
254645
551094
587210
205481
142516
510017
32087
755585
82156
434675
4383
976154
236686
577126
875057
311267
872566
191807
262190
55180
856480
966319
512782
843597
375370
639880
408418
994687
76964
432459
186124
806354
635652
893607
874281
748969
144244
889091
617371
741319
401370
432726
828496
120002
484759
295673
154299
94461
373579
680174
138399
349400
54548
906479
328220
771526
814056
140562
386728
450062
428404
958847
870395
975240
85587
853027
579091
9699
771130
727980
506052
581952
340546
41580
723313
502597
29962
337865
475530
829644
804171
856472
421098
195097
553424
456665
444924
636191
377109
174130
221564
274919
823115
7803
926460
867335
318407
428542
98314
557086
535696
640082
232426
205622
956361
469892
134582
212345
477459
910168
642959
600510
669792
106510
260917
342220
103839
431361
433652
245593
423043
138467
66470
972781
579418
857073
118198
661190
629411
184349
369402
519028
956132
923977
485896
566674
595461
972272
21995
279417
895221
359475
635128
129395
928082
922238
725153
465157
584542
518519
162449
916243
529955
77621
463802
366003
458684
828582
555437
128209
607589
701467
785617
750444
718278
566759
164521
321565
887950
963828
553558
346425
495694
321894
420894
378037
845728
145394
384486
825560
492027
555520
731124
519101
591806
783023
955493
683586
611412
590752
907818
691402
181805
743232
960771
367272
358297
118627
800718
839196
662882
582492
458559
643171
117082
413929
601381
151954
897771
322584
825232
747008
177623
153401
95326
385078
693359
278459
909607
191263
605709
418731
633236
130404
539488
989303
98900
462176
195178
785598
6389
286832
287270
112150
796547
159329
11895
471794
136189
310672
884688
111016
630361
868691
169914
39438
914572
598291
65608
235358
716622
842348
397471
430451
665053
8962
416799
883568
538258
837600
84771
514544
473592
725546
580511
464239
770444
634704
648471
770491
571927
904310
93137
327866
614874
212531
400997
877731
404917
352100
30346
220871
811945
424104
181495
496772
445452
959757
909545
378860
912712
875833
351921
448413
756023
988862
628594
269319
271998
196002
723320
955033
215829
442828
81522
559542
955907
159567
301609
867815
318890
503091
90798
326328
240535
821209
552476
769279
63953
786725
608356
519979
354652
833288
180378
544282
82882
755730
896813
520127
88382
779831
107913
439472
73800
61406
132858
437210
737944
478020
18175
35173
143038
82882
84153
560047
810399
644937
290762
757342
483607
874291
840380
830221
635222
959423
868003
598580
457896
619451
183708
37002
779067
909639
888227
354758
423699
356855
218008
78137
611883
394248
169176
455779
179264
453344
444569
84812
24074
849976
672974
426296
815827
354052
512965
310788
755195
354333
808871
593047
501602
7272
487884
862856
831229
473770
28331
225660
638869
409722
368399
15173
656101
479420
349839
223674
619231
686087
630993
380756
518771
695992
576146
911262
901865
494043
269612
742198
958582
646732
749272
62435
256445
214356
427833
102586
520499
395664
576396
808897
539270
222567
417110
303241
284295
461512
755325
846119
390904
286904
563971
38757
142194
989068
583563
41933
63300
517661
531683
378114
127038
522188
369920
820342
904538
749960
731107
505159
352871
481841
298657
186596
24143
65071
545504
563603
457181
867947
565378
790572
218343
125965
358933
428112
363644
725212
790677
716245
200783
828360
46408
141684
759689
942070
732825
285656
157554
360554
663145
236978
853269
375457
728818
934517
768478
237260
720074
363279
447110
154206
291758
483240
996219
433681
909518
599646
997642
187890
287206
96973
993790
959506
305357
775788
936219
894100
999789
255410
96904
796136
167868
449674
655040
758626
556286
30003
101009
230041
695967
351595
374037
749694
305800
706123
524545
307979
211263
588491
387370
745516
424120
224186
125766
210050
596265
998415
598070
282955
263390
629364
306866
560233
829523
760110
95273
807013
626808
562130
346388
479195
633438
154523
61904
781790
488989
480628
38639
799094
131540
481745
737676
988902
326831
98992
181157
525860
450662
870335
589230
212461
21757
222004
877939
189464
649942
201537
69484
926242
867374
433939
520813
657845
863359
919366
752320
200421
651391
27275
142499
494482
623672
281042
755534
244335
86344
806217
859038
320906
427637
887428
381800
218039
800229
801944
968640
431315
616591
233508
220055
930637
213951
659344
994800
71
84906
676951
755037
980640
65442
742859
803758
788795
442608
930225
943633
109316
291864
546834
252586
345097
841796
874632
850160
636932
405408
252709
406277
375453
176296
130544
166266
61305
29781
758368
389036
50160
399677
971854
349111
13480
493192
885334
856784
320813
857326
797783
600385
928845
901143
393960
451112
104601
573921
227509
630713
172423
27681
32928
403709
648655
882254
317240
724362
293354
496033
787818
411741
431990
367279
684886
49219
285802
984963
513778
973810
567203
908326
52940
420203
104139
40753
7739
139996
40603
176059
75165
66238
640291
675882
125919
275402
207051
680506
199742
745847
563428
788245
871848
156371
217145
414210
436520
112231
445505
596315
887361
104951
844112
554734
912101
515070
939868
920711
515035
483139
295230
751894
89509
965735
764693
170407
27790
580913
388191
656748
950190
36516
255135
458030
284094
270883
958675
44593
669070
498682
207981
62060
195
360782
518135
429774
18160
635109
464400
686748
744427
549860
371421
219903
499653
956962
87988
25848
956417
808235
901037
529572
555468
904289
372849
897483
530818
555975
410630
421973
912617
361655
871527
438765
422045
163128
822726
23059
9858
646761
912816
563748
286625
30773
8448
569760
241233
870459
62877
642223
955329
276540
266999
465387
316561
153493
174098
383370
274333
473683
749950
669889
171410
118648
794324
13299
318621
434429
827672
321952
771780
74597
168089
204811
714210
639212
580838
453154
336336
675692
21520
687137
127501
934814
640147
465652
849408
706584
451305
990576
827144
61577
421004
339380
308161
433266
672286
226491
286863
547078
685653
613752
325956
784074
755127
818475
659304
93258
782703
914336
616328
668884
709249
281485
360406
571044
911747
378372
536914
546221
184641
2453
383390
669444
20435
149662
56406
141769
48820
521007
987897
931992
802555
21473
442199
916060
159072
584183
777051
254431
489534
983038
271314
50255
883014
785521
378064
299386
337263
600566
42967
430753
543251
953643
569272
295818
985641
165120
76546
134987
503277
362011
96552
75067
949999
961953
18412
290326
574880
709506
605933
489204
207869
352723
809993
278076
500467
614269
893753
916177
65906
695011
733781
201322
15911
920913
215901
688803
97468
860125
245822
327619
996736
761612
740950
846999
780412
944918
383411
697404
791652
689803
34552
430998
370942
300330
373733
494603
939120
323008
646773
240717
935748
455796
50389
523695
673515
16523
759374
717117
166610
392656
987329
442476
481562
53200
229006
856120
228653
445183
6088
75476
886461
107050
488368
91248
350431
342108
501141
570643
168177
437915
701693
357995
799309
943376
338871
785469
934795
55390
169844
212263
381260
603221
998792
378695
580962
196785
786739
708443
531698
782334
745682
563524
887668
68158
149703
916350
657645
6987
109750
922953
231944
437580
94607
841746
626015
581786
865308
367129
899806
670450
943232
726823
116739
842118
884612
404971
257517
38181
531229
869766
791219
116026
137358
624320
176885
196747
903584
147785
397497
243229
180778
386273
994740
587182
174718
105568
303178
61847
939743
988888
137529
966414
430766
625197
284178
888979
163068
553330
694507
279491
959815
578037
42370
942630
384345
226697
524788
971159
329376
878105
974
791735
153916
603898
113974
640252
150059
838737
677624
437112
389001
428328
662737
994805
394261
657431
153043
275100
235457
599967
196078
459840
574403
8532
839260
828928
381153
308141
19086
578821
839779
955333
971931
767870
285380
317512
539755
33020
356816
939527
127477
212915
848742
307878
237703
140422
425448
658640
605417
11295
631041
898838
298161
509245
164624
533058
394369
743514
941068
531228
771803
726890
145878
54256
47726
899365
43109
858593
607649
370782
781204
98791
828081
815315
413608
988070
799282
245162
241033
426780
25002
570565
231493
34459
331
37254
47575
341040
992127
785774
794323
8174
740780
712679
545647
967711
451281
163323
250993
857659
457578
204488
200805
510595
626533
400681
690396
86728
734280
220202
837856
538711
286105
990345
130070
367063
113879
164076
149073
197471
948633
491876
447611
647416
358430
214496
916699
510101
574191
820175
345735
58360
515665
557750
370408
560511
579473
965469
988768
695645
63932
76740
606519
273788
11109
902035
495607
116347
982758
899206
324776
859698
537660
348220
386864
217778
46927
536595
715721
586850
168902
129611
965608
931347
491913
27495
467681
878555
280383
600379
24021
469603
67653
866803
92569
744270
579677
239918
457770
432366
355766
488300
881493
257775
656643
779342
440853
152045
14560
916034
469854
624859
245444
235721
227460
493276
545133
718761
671538
820493
775061
44270
943801
873733
181489
224356
463485
819660
38701
978327
613951
646719
812837
470110
413725
358944
533758
468848
42115
28294
505310
114102
310387
786205
218233
56003
267043
957891
71005
543215
540196
531591
255365
372251
703187
124945
321276
789814
348707
883957
655678
89415
464105
559488
669666
914555
404921
480122
654222
61254
955292
633574
588937
639971
850192
551241
234020
735495
154421
590414
877615
594472
823619
623154
228896
490665
460181
27447
325157
116701
90384
794136
905276
741863
128459
620668
531296
454528
72669
535627
442279
380855
865367
972641
142314
959111
511997
842325
937455
522546
541225
404441
562835
399694
980878
979403
635312
407986
402526
850102
418759
754263
684072
547295
921495
47358
760567
374763
359826
281874
813976
469603
34997
923066
675029
452280
42724
772047
106471
108054
830256
874517
721884
716522
752618
997089
731293
929402
496568
308894
41234
806141
966504
295210
163951
558798
692303
356624
535737
531880
148615
311653
23629
296875
412912
328201
450914
488427
506382
400145
410187
375732
840335
248062
792279
480298
839798
502661
876033
606830
791164
414550
201406
314643
87257
983172
900757
132354
894059
907504
10638
352813
118624
945528
47715
716973
620466
110767
430517
254940
820530
983178
547932
102615
812539
273758
352034
939001
940171
212013
984758
452908
170139
591248
724802
366227
969818
53795
581915
590544
730741
225280
985975
647673
251077
366518
132620
353094
361518
455250
117425
894845
510407
109586
783209
316431
822633
694777
870659
718245
923635
322126
909318
640303
417303
758998
204709
203277
471840
963512
98074
325059
925727
863086
423820
937669
34429
918041
210598
620417
656161
263232
968195
400287
297584
641304
424832
862674
389662
989074
542536
443497
102434
256356
320506
480905
415088
662852
300467
680323
162757
247734
1216
440969
558718
100448
466213
7072
793941
486689
29780
726303
841781
124437
652691
977798
474476
488064
547251
84810
760681
690744
23471
311271
467324
150295
881960
418411
767362
577291
580414
423670
987650
228709
238492
729215
557944
624983
212354
87927
16329
874597
991182
588226
699127
985090
848642
557456
388384
245749
80262
173102
484662
218773
884596
85329
285011
731342
53337
13998
4774
57040
60113
367769
315046
109764
132986
482207
108774
943980
449395
625336
746045
862216
680521
722979
682347
388692
745909
73384
182708
827711
854117
292376
181315
489700
268831
807945
819442
41755
180861
28034
10147
697216
729824
411987
468260
642165
55706
645898
785651
380839
75573
203086
376968
725982
689255
816870
76601
528688
441539
843046
274033
719664
538670
603388
227660
600333
99900
610260
29039
258901
902756
3946
426174
340
650550
926369
806501
217492
95669
513148
856559
575558
198165
102247
887107
889604
335856
458990
19933
662629
966617
683829
857684
861850
579542
397636
853685
55572
229122
396058
535814
239009
453116
586284
897123
724259
162556
556462
381736
600170
828519
606619
73213
249010
92470
964997
669024
681042
573191
817732
659003
502989
117085
795780
360122
791203
137243
291929
532386
890485
162724
394350
611967
973283
464130
321393
898976
842338
837813
403233
942944
938670
69026
117223
507354
566484
190523
634593
301682
671947
43653
143333
705610
867041
377797
73498
925665
640885
308124
925598
487705
740606
472755
718405
622919
840169
317593
49898
483895
195068
413697
868323
579215
877750
403242
793737
250104
172275
524242
451448
555308
80610
206646
45484
13810
925610
801928
352794
632997
161723
284793
855498
260696
442037
466567
810370
772740
551581
614116
591496
800642
662513
374330
774172
129383
929289
47266
468620
229962
938794
638996
734297
60093
11427
159512
50008
696855
604332
669695
814286
68986
460338
692313
433933
63450
190766
351248
819805
739756
768170
663207
132658
85145
301381
674853
517880
576112
217679
710495
686477
598866
784902
377865
959365
471923
466772
675813
301341
834054
5655
749568
117924
441465
184244
203826
592543
291611
60740
846318
146600
790360
770102
918580
734669
417594
71853
760285
550862
938556
221139
527741
441
931595
580597
150808
956367
904560
567907
294059
593054
844775
653807
661282
420749
786820
295775
783281
937473
513897
373640
168458
498652
363326
643470
86564
658786
18016
858061
134290
560177
439046
929619
465396
969315
524035
644492
701577
82187
577724
528859
37289
819488
370679
625958
149733
349291
900124
601529
212942
17183
892434
192348
631232
168764
70246
397690
351158
525877
850737
128863
235432
292792
294444
897328
462882
534455
405606
75506
84624
781170
225654
959929
805820
823988
780310
153955
105763
698931
342566
599602
562169
531945
17599
474099
657297
982919
16289
240584
684300
710489
162408
422086
167481
113131
484227
958130
943163
306164
86849
442888
809085
678835
790865
811159
428994
225960
86186
929093
26230
827363
759930
654471
933315
509393
200163
969160
116307
521424
536936
434961
76207
248691
581418
394738
175838
175918
803433
819696
740691
495791
403407
161871
645222
26141
14457
449615
340476
281605
909569
58066
635442
80608
173580
466642
147302
22546
914052
41801
698878
336696
909358
864564
926875
221210
130812
145160
217756
472116
203683
674952
125749
824487
379632
281735
976038
824945
57933
324883
376109
11620
851019
721000
496007
247999
291763
962708
783849
343862
400847
528069
514799
824825
479771
144014
961065
393746
834271
441963
100205
287685
155186
769668
804406
112340
807326
295526
629924
51721
587230
972532
996955
878965
283051
946661
219934
726293
690924
444397
390303
574228
849483
747880
705517
451980
613248
963136
945318
429647
95984
616452
501171
914973
352716
612596
336095
356040
347820
278281
898079
160633
597867
466768
491925
779769
830127
178557
762180
420885
392868
412049
163907
666441
233665
72404
547204
885519
896688
525317
130072
363829
133698
401590
995463
822555
267606
602623
954838
6215
362209
927752
802788
143037
993024
670483
444462
578956
493067
318301
10737
840823
360963
853767
959773
523065
782712
274447
578845
174125
907761
111755
229701
923385
697600
112688
495860
968595
939966
823160
83082
738844
88354
729691
416648
451047
895633
297164
962708
957208
210350
874354
317843
188445
193519
760946
78905
358219
687333
206835
367260
142541
36704
17562
914816
730756
494859
209759
646369
10303
311627
741227
570318
42474
595538
137016
383753
794651
654391
218783
422782
735396
249872
93980
609246
298475
961539
347625
548930
335711
938372
215079
981705
841993
131392
229033
120430
631361
342488
210268
81709
52135
185425
805530
911651
870355
957085
419734
879208
935434
159816
386630
551677
316861
531124
97879
919916
493695
636838
124271
939974
210469
916652
696789
394653
456888
452117
733064
370792
162811
323674
190210
410841
280919
410889
121128
162250
316871
133559
208000
875058
215231
688841
476106
535987
820700
566337
546630
328295
15080
640014
366328
767474
832789
107463
18225
411144
882013
877053
39736
350192
53413
120262
89008
78038
291185
509917
822340
779824
222384
734997
281557
867604
409936
930803
636403
259969
685930
456725
34556
188979
759977
743402
394490
911843
224501
612059
51788
299140
708645
468848
879234
207618
164081
333621
149527
728063
988200
314985
610223
939709
861227
578589
668595
730046
780908
818867
499736
20836
933535
58942
670467
929851
873613
864808
170087
385372
964588
391759
994682
408553
902492
178081
65982
169898
581147
537049
74543
866130
433010
722406
745315
56031
646484
222193
465986
224079
819207
54940
987131
282442
509046
761370
252917
588713
122372
2547
248387
553088
497079
71348
369112
787881
465471
286525
176783
311634
557940
560879
761002
586714
854209
391545
125727
25931
700354
96980
822798
810446
789353
965747
462101
949996
719151
772349
756197
495635
368803
257688
63736
914129
637595
860174
437666
973712
122228
890423
587384
581766
747160
284009
159825
824862
448407
593359
290319
113616
661061
449198
568069
963184
622844
203917
487694
891360
775688
575960
751173
551640
669196
387184
762039
410639
547390
315575
284171
561503
931206
741728
478590
319162
118809
321752
611485
633635
743546
15393
168521
421411
867915
505161
794949
109871
111676
133145
776128
46148
192497
384174
427736
454934
487438
413330
24742
836366
468231
72159
479956
813308
716447
518358
673140
349352
517744
119475
683401
548721
844335
572313
147147
322657
737559
13419
270174
950137
213415
340334
130406
127446
490389
307663
409523
752608
782614
163408
415496
128162
858409
591182
519321
538018
517846
182343
995256
794477
823681
420586
935643
230863
519641
794976
1825
633053
171097
56516
62973
106934
506773
940967
800845
309946
925481
349321
231937
546415
181290
932171
810404
688542
567619
265994
819426
229353
414826
775022
743998
805850
43724
714070
212809
823684
798331
544441
71363
391731
127519
70596
938504
57440
430166
801726
120402
768785
906978
806043
526982
708423
943270
812805
543730
98136
268809
903889
187531
169482
647974
736467
508672
885582
488863
717934
498060
662627
373687
279052
55245
679430
445826
890662
104181
200307
247117
364949
456724
677424
993647
80372
245268
922517
760075
287195
812551
701139
413560
747290
311125
194912
44028
831599
464348
319849
68556
527228
469188
990906
41682
376430
533365
825147
807320
969811
416227
838430
945100
203889
932481
970100
947421
535662
342891
563010
935104
328311
583861
256123
184707
175158
537150
519031
202024
902572
584734
579642
674757
728299
913337
420350
802891
778617
550532
38868
125682
566787
658001
480739
245767
766356
677227
509809
531263
981655
702182
607758
762126
533706
230030
759950
287796
675383
338817
44898
989536
362729
950348
337094
64748
38734
31687
144684
224343
188847
595326
561226
507382
703114
322625
549939
448402
293863
919471
429131
693764
453329
438811
743474
696315
228923
377118
490891
266331
652747
178080
77172
637878
469624
144290
9077
422417
18432
583083
116937
50525
87079
501608
534500
93535
129498
120424
30636
178744
515148
644418
1553
806611
408676
757835
207619
629771
278552
860293
833632
711211
303690
108479
794978
510806
779416
556295
164104
193812
924851
638012
255465
527556
235260
391251
520811
31207
765898
13483
906339
231689
59904
14858
55023
848982
431174
274769
438494
266800
812558
88328
558486
10415
903520
305472
821294
813765
983658
478941
826766
177229
922469
320822
489061
292087
394663
966438
765363
770875
92087
462728
294547
629648
933810
265270
123271
478614
86923
404318
282596
717417
434552
582086
416557
510542
108666
3066
294328
750576
873810
421228
927512
12136
880851
645933
948471
688667
439787
39037
404486
160259
795696
346654
35498
326225
99144
918247
60412
712643
794606
740361
487768
390649
846810
97975
946276
276808
367996
406450
464583
942562
678290
398218
230591
922364
860119
404212
418672
756246
448809
931675
833139
110709
714927
714479
402057
372756
659492
941994
934067
363848
353263
23842
717728
100696
436138
120635
744144
570271
208036
249255
132051
444152
167029
680084
930311
379777
295624
793291
800153
966311
982583
414520
174043
511007
916974
613054
702323
436431
939703
987241
298826
121916
213818
907722
28621
426784
430441
464002
24950
357505
295485
679095
716700
49184
943939
109300
783040
138278
458323
17916
308219
427340
165925
935943
83868
463393
920157
254455
295706
674978
922357
237107
932002
306491
231667
482321
875804
951317
370858
718002
765104
926150
708440
949657
749556
861068
85731
154101
529804
271475
653891
872374
16210
647852
901490
915313
737026
912916
975754
388679
725189
552441
464826
336810
837955
370264
290541
173272
400357
516105
974645
186013
639025
945576
321072
424581
368541
950407
308541
783416
1403
523731
907046
783676
657106
991868
854495
67741
542320
883158
148592
208358
853789
557341
800299
315387
369962
152461
206853
888792
445848
805344
65785
202744
14438
885838
503495
892510
868787
768581
547060
949028
433946
926644
594288
998504
314463
576377
82760
562660
729977
457096
372956
242818
83829
319406
839587
640771
617529
86220
662135
839180
793548
840594
133781
581272
737181
816459
404785
474955
802777
103239
316586
431759
298876
894269
230271
818932
312685
194731
635758
580086
54115
911904
308676
860784
500838
713866
361905
26093
113463
360179
768949
854594
41089
169618
424673
308405
103249
716254
321203
206484
415151
425037
404265
638606
642275
172177
118778
403660
836192
772385
788182
287039
132490
813790
62058
795708
500126
639704
516918
658329
689456
487082
737727
194404
776077
971864
150273
614744
258755
768599
219719
842503
178905
197278
96841
429670
524264
491782
812124
566268
88580
635924
630160
166004
560396
824660
852548
445310
972361
261322
959660
923685
909956
576750
484488
876313
428831
58548
100126
491998
896885
577533
653466
366402
901954
760801
763545
167097
926531
533337
190564
376188
186469
863585
983215
386055
48764
622891
375131
556851
408151
5636
548843
919790
868085
255621
75395
242819
436130
429620
353049
490960
90838
922087
285784
941655
334061
200063
19802
637526
733384
460329
172807
341075
58751
251153
514463
89982
270364
252516
11137
936762
983271
276309
26473
700430
147371
10809
190522
675311
892537
526090
622117
274322
445967
62123
418682
295374
526531
933310
372392
457719
805530
371358
865078
763383
689936
170520
671172
834377
120477
632606
78060
649016
37690
544342
119645
349050
774703
741395
673383
745689
731074
852106
875127
381468
447228
584656
913726
62814
53589
504810
25158
977298
814250
22553
575327
132630
104834
528687
791296
965311
865594
94753
914038
26389
617339
919550
371795
117744
203204
813947
361560
110193
385097
708528
253259
949912
43214
853065
627725
117821
95789
796409
793129
282264
4639
525387
149305
961241
342014
465100
387773
53068
220661
544399
329775
948569
591713
392290
357595
992378
984714
771994
899839
212872
664737
999110
133561
347328
384387
265275
953073
269827
933436
615890
264962
872272
636797
360823
660266
872465
81065
594409
85481
114961
532057
397928
988316
622670
324276
206465
311340
382443
560450
385966
729489
131027
151437
426639
97525
84881
160840
713808
860947
970172
642026
650963
157853
579071
183857
241995
335575
764444
877100
128911
611535
992517
137186
160599
816040
536924
998891
550480
315798
741410
888720
685552
203054
595261
101942
805313
527236
774654
173617
608782
349309
199123
431651
687818
955475
631395
662769
467309
308583
911797
403315
845945
467114
82261
371174
628574
536576
854102
575966
657408
326694
635366
776905
662945
9376
769479
614416
367510
644215
912164
687508
181954
48724
851774
172023
670780
626919
724215
835674
796595
19437
42838
52341
495156
412289
295635
853712
725982
345440
460173
635641
260499
327589
442067
172740
779067
23493
122644
836468
381327
892483
436656
747682
959700
941659
446883
747103
778808
401359
390526
78327
682983
695357
806576
510361
163785
167034
122396
131167
805190
83282
697530
93212
702572
8034
185958
789035
925985
673
646593
28953
641360
268698
326897
299380
948601
719531
304086
385009
926720
815893
400064
840166
690322
881956
955283
292473
611162
394110
992568
500284
778718
99720
490647
787032
292048
781157
594189
258157
705796
398262
397565
909815
330227
281494
844712
769471
666988
514979
2685
464050
476397
980485
398500
547407
581418
965031
735265
7741
495314
312583
574442
579322
756693
52541
972716
385213
62435
647697
53906
388473
443845
385157
862481
742985
30807
560729
235640
903960
303727
620136
664069
643160
938511
757611
868228
639004
552019
91494
693817
696155
176180
892328
504526
653654
311118
790593
440929
262173
6350
724803
590836
699993
554385
750315
450227
874043
151874
729254
471984
604228
794367
344000
243157
366300
554062
291279
440140
159595
215973
964590
571489
698400
429435
200291
567643
582512
525619
412569
958144
529924
300722
898516
8590
685886
706125
702183
32421
982093
692282
245717
116942
745782
719684
504557
330660
45904
677494
908554
32632
518368
312186
248733
842642
393263
176365
462950
615458
852021
49191
800446
929796
962186
839169
380363
603204
80870
669353
407060
925306
928647
768512
66763
128296
920100
887398
114328
582249
930369
324642
8852
93764
723923
406077
538376
600950
381041
342389
176936
262493
992629
958077
517456
719216
754199
909813
644654
601972
42367
906883
365214
455831
615778
501655
835593
474531
721583
310267
192869
470022
302407
52495
972373
829550
322168
879613
106198
48508
75347
162300
920087
111214
880326
888468
95087
784600
935076
543487
311308
279261
54472
281955
770935
282603
365481
305592
558970
309227
413515
870380
195967
30836
384268
117753
404020
247179
306215
216753
836541
417552
693674
885441
973706
286614
699046
348206
881668
723744
306404
667182
87618
10426
110070
449722
938561
397153
846431
220680
558169
610735
567431
189711
758252
240455
944025
621748
921145
174063
966872
121987
948349
844442
947675
711880
823069
185285
607718
291215
339013
759346
988551
474539
468562
896850
765919
318974
31284
607535
965259
995811
666433
834261
638621
729593
261436
301177
874684
781189
51683
616191
396161
386568
208192
115446
948587
841327
866884
262275
786767
671810
902070
853649
969559
148455
980038
228285
461929
408182
577676
606319
504781
560453
313843
442049
134754
238224
630899
976612
932015
428950
83681
66694
999770
517508
373950
407921
168189
932243
2712
626533
792895
107286
783579
71030
386551
195081
991484
84401
600627
261212
76663
915654
553766
705646
553435
910201
413193
613282
293627
410553
744961
371986
662625
497367
53574
304145
256916
22905
863963
159114
368739
848920
23836
393683
233433
433161
753088
525955
160533
82488
975296
771274
18187
30168
579199
905722
782423
957946
69909
477541
201212
254395
793101
958344
300364
327986
722751
187551
912630
223259
637937
458686
994599
346709
358380
540692
697115
273793
42278
570866
469907
246171
428711
675091
201823
602071
976482
920708
589524
14593
414524
599978
472943
727065
979792
335606
414656
813633
267842
381631
976267
604016
393593
395168
373618
998509
283551
658017
567456
265187
618966
806832
1396
997009
326864
680600
138369
897845
573527
329720
961542
991446
774355
457991
25275
940367
697773
23461
905119
284929
378335
552884
415216
70233
709233
858905
577669
582751
265929
522037
319688
580353
62148
698195
421184
896790
657547
472319
372319
758146
421340
90003
403098
537314
876651
654341
234579
587692
216550
459002
313206
298265
67298
904019
489678
5490
718582
505544
742065
269998
952070
365889
568911
644276
415021
753931
470877
997587
989444
161251
721898
254692
348201
852407
757354
830371
372935
816114
780310
390547
643166
86216
863880
604675
661266
570381
187424
136818
610981
320714
444695
49178
719142
703407
175146
850795
801304
796784
387880
404580
279557
751438
472959
254623
13481
204329
268073
836206
303665
137673
267374
539855
463130
836476
768535
740858
815777
952554
813886
151055
237802
845058
75729
79026
120854
737630
282436
741334
840769
491364
815555
47429
323408
200284
513218
621587
894936
436309
42907
597043
505168
474409
603269
785694
584857
80304
660124
253608
331945
990629
19631
815218
552450
559498
952097
397819
503768
642143
124254
4792
431013
772831
404229
176483
401430
294789
241567
266871
532763
639325
20883
678125
547200
836751
510690
714647
282624
842142
628134
471579
991377
298085
362246
943264
602738
259844
784573
473578
861075
660776
712981
350008
36722
647383
425411
79931
363939
965562
842088
822567
570290
785529
534188
89350
163967
604428
39780
798421
202348
18537
57888
172816
21149
164977
936728
276774
582960
613869
841238
210436
228140
558805
97581
557770
35288
335424
346600
507158
388791
324726
165555
334454
569245
853836
14956
789728
95468
421626
215861
268912
748380
429895
564421
800331
113109
432589
965600
274768
56610
898373
114029
30785
475888
212227
396018
246061
378803
904227
843762
299086
223517
362167
257991
538280
96338
179764
190621
364417
734480
506721
819989
611171
910587
288085
196887
734277
911736
615837
913867
8969
895241
410819
787069
767183
217592
385743
842302
384299
414596
59549
285644
60868
203798
405618
284251
969603
461399
310761
444410
336561
145272
681923
278936
723618
531809
759226
331238
692760
367104
615356
562005
923257
188944
367193
98397
403570
83562
471867
804163
886741
984717
74382
859852
799783
423696
467251
340561
732664
501368
526450
742566
869778
818817
816296
216669
413269
701149
841127
567107
989339
49053
141242
966546
170349
883568
673719
676355
823878
532991
33189
170955
941278
441608
737244
843420
728179
853476
457085
356213
359952
327554
683687
933687
211922
414095
381385
847830
937164
599759
790935
214795
7462
450917
858998
54279
451908
77341
331166
99704
815781
534364
442172
160240
313156
484620
592134
710319
712723
748115
822543
726489
218180
718465
120479
741135
220076
655969
571945
789876
266808
838216
427868
744476
286759
265785
109847
67454
34306
64440
297386
212422
923310
817026
864592
242019
427217
545318
738516
794604
199078
280391
118526
972409
101923
478110
331365
956068
807484
285664
364186
450462
358689
526111
253819
967196
444640
742112
685199
138084
59575
282466
107617
738891
697300
330584
929117
298482
176058
997402
55120
25269
505651
531753
423890
945197
661591
201665
789716
309212
251255
96249
667588
814568
515535
587600
685579
249658
785850
48099
406506
387981
472786
625419
140056
796162
657237
599485
689475
697363
288471
249419
812565
486443
824582
417277
460934
540602
185061
873472
427762
235862
121446
786178
761915
742766
417080
14783
957096
525812
572501
714330
838909
5423
313907
137881
497796
785855
689681
591485
424938
505204
2008
612378
258856
182405
297750
146633
860240
426299
686327
98460
732370
752916
29107
558274
82141
437285
737351
951052
222266
657817
828982
450516
807545
502781
238912
836025
801411
794641
288554
903792
887178
67565
354773
767632
775001
601702
404205
687435
602175
888885
230898
209595
439136
965904
497393
512336
421795
468941
37657
728364
796963
459693
533376
856986
612320
903266
266958
215222
599687
614938
482611
621746
322492
830122
278615
991331
333153
553039
339901
718530
605766
200730
786750
766967
309045
737705
463283
612789
703024
235234
824094
140787
213286
547942
334837
889012
661039
33587
260798
987580
228396
155623
872623
370377
374048
438319
672495
583629
583513
53811
346008
957948
865803
685770
248527
565276
19626
921019
932196
855463
580533
782745
311329
77213
467394
152590
772925
128138
85256
575508
807088
367846
34816
832366
996375
66276
464145
113541
471459
693822
846383
178954
311279
115742
715796
44738
147105
835401
165634
46829
879020
552547
239565
24815
213125
983504
323431
901323
157969
383852
975330
449707
20591
210952
541498
839350
908524
583445
661546
683452
967896
221759
357504
336934
473121
65031
279998
896515
58143
483474
311837
724673
774871
500799
371877
850352
988397
766280
397254
655617
294984
839478
243206
54870
402468
675997
206918
383183
977630
779680
123374
395478
648181
619072
326684
774925
298387
414911
8238
757899
346132
620414
939958
425053
673280
218694
605721
166601
180141
357547
446451
711023
136354
476590
442429
577212
559461
918928
295836
493175
225238
466307
793707
660954
948255
805678
246556
93558
212454
922237
873014
634735
107131
596869
384174
529953
534068
868711
871274
206577
905794
65430
70934
232424
894044
536603
159231
649008
144044
776237
789787
772120
362033
77796
970747
160717
696235
635947
21229
915687
413445
931478
551349
511701
228441
332569
724147
690351
860000
151750
444261
790146
165429
126254
926050
904396
345090
398045
900913
904883
948744
613451
789875
594955
487367
711698
343168
137264
153473
685165
49126
647304
96667
470912
687919
156987
508087
747337
55010
541428
499928
538929
175887
407460
470600
893270
723001
710233
534425
761460
135282
550370
361846
151367
468380
400113
641198
49372
96704
428547
52749
292180
753049
831672
666580
210827
796105
426532
511127
776003
588022
391332
701471
141037
613723
243129
435025
155595
636215
418639
379799
956761
228439
195903
330151
121311
430032
967762
70352
319733
946996
237111
883821
783519
569122
74141
929543
151871
185032
153816
302684
286259
223916
559279
551534
77375
138863
369933
859296
567266
797442
916907
250329
898795
386935
539238
17111
601605
641721
848093
505707
690368
159561
256228
581265
897626
302017
226551
875142
992365
39661
719914
650360
848155
70273
106672
169864
743576
341846
657951
315727
265387
571778
646221
484802
201565
946944
216580
225573
389853
766263
805090
189945
839916
806618
87661
250739
696602
631781
484195
211433
291239
895675
234265
241334
944520
384096
184340
532433
266580
844287
85266
236910
464449
535339
295318
333178
320386
904376
750613
826052
291011
310480
275363
224110
467337
438551
39818
616798
639079
18227
715774
124370
194477
917567
366075
407210
791413
515917
35441
136659
947974
982508
822608
641679
606816
540546
111923
705961
141147
382916
166697
994356
385096
53168
892361
587063
205680
864335
342789
162887
45085
380203
373356
822846
246436
896762
325166
782455
814971
699960
841458
345649
491265
218851
74228
254983
962348
600401
777328
582064
289893
378568
369522
513831
468275
671962
557535
648966
673727
757572
831724
260402
321696
408609
283424
553683
27874
636099
622610
324889
221650
853482
763599
756944
228782
357290
908314
645720
797239
94530
206018
749782
422367
243431
472784
90277
212195
900154
467852
79866
317221
590646
934292
277302
776496
184945
218523
853191
844067
697321
971990
751445
316306
452791
858726
375398
886796
44367
564483
331761
795135
721448
132745
832872
275861
645788
632494
392518
793074
274297
377624
480842
594766
466011
598210
265005
738818
606555
164790
214079
634730
585552
987985
50749
882909
737172
585798
745957
609111
296788
694761
703538
441172
944624
873103
298523
302037
646827
657169
855946
961128
773990
868544
970169
203945
7197
153102
247818
139081
885147
139439
463694
47803
408414
187424
119151
720302
586480
319134
763379
836054
706296
451250
715047
288438
65898
593035
290126
696759
801609
360957
811184
40887
415518
581445
638558
491785
551287
703762
986705
146678
637975
458067
603812
735768
25397
3377
265568
313820
814468
369384
411928
301750
975807
81904
711636
591513
233956
219050
679481
547448
660965
2126
701233
326999
344891
181483
380712
793345
142
837273
164320
677883
299103
696726
888781
659982
674228
94852
669106
143063
867518
903461
861619
189708
641255
200445
499858
914129
830570
980861
20257
703912
708965
940332
589130
270794
580126
289675
161461
105223
608733
230335
736534
303059
794653
508665
142402
171329
278952
330474
66950
865705
334843
698542
187586
729719
944029
219073
758566
621025
169955
966152
33383
77021
788407
54518
33867
888957
723650
838472
960805
829810
894658
345894
301767
391444
739753
655923
577012
236862
204854
318312
490417
838485
368129
497117
329227
730055
69173
823940
437804
891216
468898
193703
331587
339977
258573
178290
920114
691254
217599
417348
637781
496984
762228
652659
52605
496680
831071
650025
464007
451458
245069
113561
700737
226307
646156
842053
881336
48332
28598
939897
324383
72014
687847
191714
452633
228195
8184
876119
634484
852961
339034
225936
542467
997865
326394
957930
699876
126222
611590
860945
258672
472181
139434
581917
403920
284444
842066
72128
446737
555219
514872
938134
444005
37249
552960
626870
754640
318991
685902
134244
373277
724790
285737
560508
756153
961211
684479
937705
189813
716858
127505
859527
153596
691487
593216
380421
741480
716901
781441
643379
831255
497937
781386
659482
774041
581349
852033
331079
236374
996495
120931
747242
328667
539563
145905
430760
804011
225073
563442
20594
350695
637761
411776
578604
549052
326934
640667
691824
14561
894611
100979
362179
242008
851760
49602
116434
490669
971114
285251
141426
546036
156091
719606
122534
110863
51603
498740
108709
448347
812782
246393
978163
31734
333705
484458
595891
296776
423965
801877
552782
220893
905399
646434
202428
690955
822666
753166
260908
467777
364184
771453
615031
476972
990832
645678
77269
798397
529228
348282
129811
240890
970773
347501
379713
117036
135945
412928
150841
140700
822821
874149
789612
949114
393954
304836
617183
168750
246675
581255
958818
92153
645244
444180
663004
825509
343332
53068
825335
175033
535009
422868
959024
666139
215991
318992
404562
756945
486376
827378
67274
731295
54381
950870
306066
546051
95969
571901
584403
938511
722959
277284
562670
3957
320926
423722
502401
751330
892120
294234
199829
748341
833163
927472
146830
365782
144100
66902
268463
738685
428638
281315
558774
377154
403938
532949
511267
436837
898371
619321
575697
474053
393899
292023
293981
667649
865907
294408
296674
236280
921202
814609
453496
326195
734889
439141
802546
417753
351260
749623
966971
930136
667474
11400
790078
523381
665631
208903
72898
371357
776099
14676
86517
962691
202017
274098
977993
631022
808589
477966
771801
451160
18803
608382
873600
537705
612238
607988
28030
733988
468659
590216
120399
842413
318634
119883
68368
357889
683646
118475
580873
974529
350305
684062
686458
347846
482161
174432
985322
232116
617036
252078
971375
183311
164224
705626
83010
369505
939843
717074
791930
626693
80642
105619
296012
288406
92562
883712
445802
738641
1988
606882
946642
194064
925479
417196
453088
699177
446021
464690
147664
384909
947554
298632
207670
670405
600872
398178
745371
880519
183874
293948
373878
478272
330872
45996
20587
327015
68000
906996
881041
254396
45064
46002
316118
261331
843115
828537
652806
32310
779535
829718
32006
596501
758864
273183
647791
508532
583958
580081
503695
548697
987187
863553
175682
603803
339726
230404
210849
542481
774967
438057
480867
902381
715452
501197
398080
985913
637643
732281
17423
23402
586426
918569
372768
225584
831074
697312
780255
854508
266795
994533
789344
421546
859784
799207
508944
532539
227785
247964
109620
846750
896579
413647
518077
497177
62098
467281
305935
595315
254718
147459
604735
831327
760630
799554
240553
700565
130718
679600
96434
715464
314321
977037
847892
73346
564458
429913
439855
307152
817055
683860
591117
301915
639899
345518
940018
547155
705344
505998
196167
313226
770329
717541
151694
730069
384676
888442
533947
93549
725085
160294
887673
6661
583876
87392
115222
177654
746839
960960
128874
397708
115193
278965
494166
483416
620811
319146
308525
828804
862990
437269
29323
876462
493684
601999
100099
98864
622951
375996
805731
415248
168730
260808
545299
751688
247478
151918
454309
936245
655177
418305
817412
76726
777719
476617
346018
588501
128211
124444
152081
852977
67625
77793
981148
162985
124667
201089
191477
631978
652396
452360
413526
851545
431448
191498
767857
462050
978462
513371
240166
561885
974195
695366
41394
828045
668206
775387
429647
750677
126759
488450
782917
696233
78812
756018
347569
635707
193186
426866
180874
177117
188144
327853
917225
61011
443698
734617
454792
707670
395646
841582
538626
55237
213382
5705
987280
747174
246065
498865
294474
182469
349329
266376
359526
98218
528995
563244
377902
723999
506792
590169
717716
229056
52812
770999
59245
309017
588988
306880
877425
844685
645797
135502
563065
889622
8416
856164
792316
751822
215866
666342
431745
312600
468173
979912
691716
434969
434763
523125
397603
329013
901849
291633
65838
833291
963100
260544
365527
443761
330239
268801
229108
165693
558516
532962
79504
42261
412704
614366
978356
434227
507993
28770
50235
199593
456447
973640
775880
214479
383257
466314
215075
407300
844925
138100
442302
630921
32993
825994
712175
123917
192897
195836
428777
327711
897600
401309
387382
784401
780081
156149
725768
751372
410605
13634
777894
449613
402853
941114
367293
448859
274133
854811
873259
543987
263073
411367
386802
155528
688684
379055
887425
644530
281306
109966
836927
474084
489186
256942
646686
251795
938224
989762
114940
4827
466889
231771
976287
135396
489164
972993
477888
37243
502857
243365
677663
88961
506404
199790
633865
913802
184498
909058
334916
259429
350645
113339
691078
761212
252649
923310
619778
734282
440114
408526
566317
243046
133638
651398
65735
831030
870150
459929
67880
823808
581905
116028
794679
78483
786361
272590
566581
263609
199895
691784
250693
593162
513182
911933
739032
1425
793504
510944
938592
164578
158
48123
503021
975276
536559
581148
422014
604670
398887
426489
519751
635725
788639
399743
989797
587495
455923
414946
187049
261953
200452
681676
304604
755288
597704
885456
482632
156853
773615
933780
987692
467734
185526
97096
157133
896730
87428
8161
313266
648863
308737
166265
742373
255869
980906
459655
513372
434562
218111
331013
326752
384268
616935
910493
786011
355120
74211
130708
722501
618440
240851
922534
366511
609411
843310
645174
56363
244474
579001
223260
352623
595836
372497
718605
148005
329587
48001
126314
907587
516136
130317
818276
406057
942316
857457
183186
865950
366163
260175
757017
820255
606590
871239
582260
558399
471383
726237
298443
352881
719650
883405
917283
554885
760573
604704
657609
18458
835959
377303
776911
506310
858799
504688
656025
976051
822727
985888
278663
464104
599933
697630
866320
158314
357119
681753
532200
714295
226847
396712
52987
53570
420064
312334
579092
592284
812690
932506
656289
741726
941654
44844
568816
922311
437282
80257
517963
885285
679778
989021
421675
826446
140129
186323
520108
151038
152636
860190
714222
680907
649453
700712
63482
232318
118379
703846
718147
842330
219058
208214
147983
481273
60877
150480
547434
865879
225583
485186
707692
767594
304147
205627
361891
750817
195059
484260
61907
794555
187113